function dH = dH2lt(sT,sTp1,Qs)
%DH2LT
%    DH = DH2LT(QT,KHT,DT,RT,QTP1,KHTP1,DTP1,RTP1,QS)

%    This function was generated by the Symbolic Math Toolbox version 6.3.
%    17-Dec-2015 12:35:46

t2 = sT(2).*4.467077637809345e3;
t3 = t2-4.467077637809345e3;
t4 = sTp1(1)+1.26e-2;
t5 = sTp1(1).*sTp1(2);
t6 = sTp1(3)-sTp1(1)+t5;
t7 = 1.0./t6;
t8 = sT(1).*4.467077637809345e3;
t9 = 1.0./sT(1);
t10 = sT(1).*sT(2).*4.467077637809345e3;
t11 = 1.0./sT(4);
t12 = sT(1).*sT(2).*4.611686018427388e18;
t15 = sT(1).*4.611686018427388e18;
t13 = t12-t15+1.032372032085155e15;
t14 = 1.0./t13;
t16 = Qs.*2.882303761517117e21;
t17 = sT(4).*6.452325200532219e17;
t18 = sT(1).*sT(4).*sT(2).*2.882303761517117e21;
t28 = sT(1).*sT(4).*2.882303761517117e21;
t30 = sT(2).*3.631702739511568e19;
t31 = Qs.*sT(2).*2.882303761517117e21;
t19 = t16+t17+t18-t28-t30-t31+3.631702739511568e19;
t20 = sTp1(1)-t5;
t21 = t7.*t20.*1.8373e-1;
t22 = t21-1.0./2.0e1;
t23 = -t8+t10+1.0;
t24 = sT(4).*t23;
t25 = t8-t10;
t26 = t4.*t9.*t25;
t27 = t24+t26;
t29 = 1.0./t13.^2;
t32 = t11.*t14.*t19.*8.190279214064116e-3;
t33 = t32-5.118924508790072;
t34 = sTp1(2)-1.0;
t35 = 1.0./t6.^2;
t36 = 1.0./sT(1).^2;
t37 = sT(4).*2.882303761517117e21;
t51 = sT(4).*sT(2).*2.882303761517117e21;
t38 = t37-t51;
t39 = sT(2).*4.611686018427388e18;
t40 = t39-4.611686018427388e18;
t41 = sT(2).*7.97e-3;
t42 = sT(1)+t41;
t43 = sT(2).^2;
t44 = t43.*3.985e-3;
t45 = t44-5.781812e-2;
t46 = sTp1(3).*(1.0./1.9e1);
t47 = sTp1(1).*sTp1(2).*(1.0./1.9e1);
t48 = sTp1(2).^2;
t57 = sTp1(1).*(1.0./1.9e1);
t58 = t48.*3.985e-3;
t49 = t46+t47-t57-t58+5.772084210526315e-2;
t50 = 1.0./t49;
t52 = 1.0./t42;
t53 = 1.0./t42.^2;
t54 = Qs+1.26e-2;
t55 = t11.*t14.*t19.*(1.0./6.25e2);
t56 = t55-1.0;
t59 = t16-t28+3.631702739511568e19;
t60 = 1.0./sT(4).^2;
t61 = sT(1).*sT(2).*2.882303761517117e21;
t63 = sT(1).*2.882303761517117e21;
t62 = t61-t63+6.452325200532219e17;
t64 = 1.0./t49.^2;
dH = reshape([t2-t33.*(t7.*(sTp1(1)-sTp1(1).*sTp1(2)).*1.8373e-1-1.0./2.0e1).*(-sT(4).*t3+t4.*t36.*(t8-sT(1).*sT(2).*4.467077637809345e3)+t3.*t4.*t9)-t22.*t27.*(t11.*t14.*t38.*8.190279214064116e-3+t11.*t19.*t29.*t40.*8.190279214064116e-3)-4.467077637809345e3,sT(4).*t3.*2.12667e-4-t3.*t4.*t9.*2.12667e-4-t4.*t25.*t36.*2.12667e-4,t4.*t45.*t50.*t52.*(t11.*t14.*t38.*(1.0./6.25e2)+t11.*t19.*t29.*t40.*(1.0./6.25e2)).*(-9.9e1./1.0e2)-t4.*t45.*t50.*t53.*t56.*(9.9e1./1.0e2)+t11.*t14.*t19.*t45.*t53.*t54.*2.954397090366502e-2+t11.*t14.*t38.*t45.*t52.*t54.*2.954397090366502e-2+t11.*t19.*t29.*t40.*t45.*t52.*t54.*2.954397090366502e-2,t8-t22.*t27.*(t11.*t14.*t59.*8.190279214064116e-3+sT(1).*t11.*t19.*t29.*3.777099613851594e16)-t22.*t33.*(sTp1(1).*4.467077637809345e3-sT(1).*sT(4).*4.467077637809345e3+5.628517823639775e1),sTp1(1).*(-1.9e1./2.0e1)+sT(1).*sT(4).*(1.9e1./2.0e1)-1.197e-2,t4.*t45.*t50.*t52.*(t11.*t14.*t59.*(1.0./6.25e2)+sT(1).*t11.*t19.*t29.*7.378697629483821e15).*(-9.9e1./1.0e2)+sT(2).*t4.*t50.*t52.*t56.*7.8903e-3-t4.*t45.*t50.*t53.*t56.*7.8903e-3-sT(2).*t11.*t14.*t19.*t52.*t54.*2.354654481022102e-4+t11.*t14.*t19.*t45.*t53.*t54.*2.354654481022102e-4+t11.*t14.*t45.*t52.*t54.*t59.*2.954397090366502e-2+sT(1).*t11.*t19.*t29.*t45.*t52.*t54.*1.362475175452575e17,t22.*t27.*(t11.*t14.*t62.*8.190279214064116e-3-t14.*t19.*t60.*8.190279214064116e-3)+t22.*t23.*t33,sT(1).*(-1.9e1./2.0e1)+sT(1).*sT(2).*(1.9e1./2.0e1)+2.12667e-4,t4.*t45.*t50.*t52.*(t11.*t14.*t62.*(1.0./6.25e2)-t14.*t19.*t60.*(1.0./6.25e2)).*(9.9e1./1.0e2)-t11.*t14.*t45.*t52.*t54.*t62.*2.954397090366502e-2+t14.*t19.*t45.*t52.*t54.*t60.*2.954397090366502e-2,-t27.*t33.*(t7.*t34.*1.8373e-1+t20.*t34.*t35.*1.8373e-1)+t9.*t22.*t25.*t33,sTp1(2)+t9.*t25.*2.12667e-4-1.0,t45.*t50.*t52.*t56.*(9.9e1./1.0e2)-t4.*t45.*t52.*t56.*t64.*(sTp1(2).*(1.0./1.9e1)-1.0./1.9e1).*(9.9e1./1.0e2),-t27.*t33.*(sTp1(1).*t7.*1.8373e-1+sTp1(1).*t20.*t35.*1.8373e-1),sTp1(1),t4.*t45.*t52.*t56.*t64.*(sTp1(2).*7.97e-3-t57).*(9.9e1./1.0e2),t20.*t27.*t33.*t35.*(-1.8373e-1),1.0,t4.*t45.*t52.*t56.*t64.*(-5.210526315789474e-2),0.0,0.0,0.0],[3,7]);
