function dHlast = dHltLast(in1,in2,Qs)
%DHLTLAST
%    DHLAST = DHLTLAST(IN1,IN2,QS)

%    This function was generated by the Symbolic Math Toolbox version 6.3.
%    17-Dec-2015 15:34:44

Dt = in1(:,3);
Dtp1 = in2(:,3);
Qt = in1(:,1);
Qtp1 = in2(:,1);
Rt = in1(:,4);
kHt = in1(:,2);
kHtp1 = in2(:,2);
t2 = kHt-1.0;
t3 = Qt.*kHt;
t4 = Dt-Qt+t3;
t5 = 1.0./t4;
t6 = Qt-t3;
t7 = 1.0./t4.^2;
t8 = Qtp1+1.26e-2;
t9 = 1.0./Qt;
t10 = 1.0./Dt;
t11 = 1.0./Rt;
t12 = kHt.*6.3e1;
t13 = Qs.*kHt.*5.0e3;
t14 = Dt.*Rt.*5.0e3;
t21 = Qs.*5.0e3;
t15 = t12+t13+t14-t21-6.3e1;
t16 = t10.*t11.*t15.*1.023784901758014e-3;
t17 = t16-5.118924508790072;
t18 = Qtp1.*kHtp1;
t19 = Dtp1-Qtp1+t18;
t20 = 1.0./t19;
t22 = Qtp1-t18;
t23 = t20.*t22.*1.8373e-1;
t24 = t23-1.0./2.0e1;
t25 = t5.*t6;
t26 = t25+1.0;
t27 = Rt.*t26;
t29 = t5.*t6.*t8.*t9;
t28 = t27-t29;
t30 = t2.*t5;
t31 = t2.*t6.*t7;
t32 = t30+t31;
t33 = t2.*t5.*t8.*t9;
t34 = 1.0./Qt.^2;
t35 = t5.*t6.*t8.*t34;
t36 = t2.*t6.*t7.*t8.*t9;
t37 = t33+t35+t36-Rt.*t32;
t38 = t5.*t8;
t39 = Qt.*t5;
t40 = Qt.*t6.*t7;
t41 = t39+t40;
t42 = t6.*t7.*t8;
t43 = t38+t42-Rt.*t41;
t44 = Rt.*t6.*t7;
t45 = t44-t6.*t7.*t8.*t9;
t46 = 1.0./Rt.^2;
t47 = kHt.*(1.0./1.9e1);
t48 = t47-1.0./1.9e1;
t49 = 1.0./t26;
t50 = Qs+1.26e-2;
t51 = Dt.*(1.0./1.9e1);
t52 = Qt.*kHt.*(1.0./1.9e1);
t53 = kHt.^2;
t57 = Qt.*(1.0./1.9e1);
t64 = t53.*3.985e-3;
t54 = t51+t52-t57-t64+5.772084210526315e-2;
t55 = t10.*t11.*t15.*2.0e-4;
t56 = t55-1.0;
t58 = Dtp1.*(1.0./1.9e1);
t59 = Qtp1.*kHtp1.*(1.0./1.9e1);
t60 = kHtp1.^2;
t65 = Qtp1.*(1.0./1.9e1);
t66 = t60.*3.985e-3;
t61 = t58+t59-t65-t66+5.772084210526315e-2;
t62 = 1.0./t61;
t63 = t21+6.3e1;
t67 = kHt.*7.97e-3;
t68 = t57-t67;
t69 = 1.0./t26.^2;
t70 = 1.0./Dt.^2;
t71 = kHt.*7.97e-3;
t72 = Qt+t71;
t73 = 1.0./t72;
t74 = 1.0./t72.^2;
t75 = t10-t11.*t15.*t70.*2.0e-4;
t76 = t11-t10.*t15.*t46.*2.0e-4;
dHlast = reshape([-t2.*t5+t17.*t37.*(t20.*(Qtp1-Qtp1.*kHtp1).*1.8373e-1-1.0./2.0e1)-t2.*t6.*t7,t2.*t28.*(-1.9e1./2.0e1)-t4.*t37.*(1.9e1./2.0e1),Rt.*(t48.*t56.*t62-t2.^2.*t7.*t10.*t15.*t46.*t49.*t50.*t54.*3.730299356523361e-3+t2.*t5.*t10.*t15.*t46.*t48.*t49.*t50.*3.730299356523361e-3+t2.*t5.*t10.*t15.*t32.*t46.*t50.*t54.*t69.*3.730299356523361e-3).*(-9.9e1./1.0e2),t8.*t48.*t56.*t62.*t73.*(-9.9e1./1.0e2)+t8.*t54.*t56.*t62.*t74.*(9.9e1./1.0e2)+t10.*t11.*t15.*t48.*t50.*t73.*3.692996362958128e-3-t10.*t11.*t15.*t50.*t54.*t74.*3.692996362958128e-3,-Qt.*t5-Qt.*t6.*t7+t17.*t24.*t43+t10.*t11.*t24.*t28.*t63.*1.023784901758014e-3,Qt.*t28.*(-1.9e1./2.0e1)-t4.*t43.*(1.9e1./2.0e1),Rt.*(t56.*t62.*t68+t10.*t11.*t54.*t62.*t63.*2.0e-4+t5.*t10.*t15.*t46.*t49.*t50.*t54.*3.730299356523361e-3+t2.*t5.*t10.*t15.*t46.*t49.*t50.*t68.*3.730299356523361e-3+t2.*t5.*t10.*t46.*t49.*t50.*t54.*t63.*3.730299356523361e-3-Qt.*t2.*t7.*t10.*t15.*t46.*t49.*t50.*t54.*3.730299356523361e-3+t2.*t5.*t10.*t15.*t41.*t46.*t50.*t54.*t69.*3.730299356523361e-3).*(-9.9e1./1.0e2),t8.*t54.*t56.*t62.*t74.*7.8903e-3-t8.*t56.*t62.*t68.*t73.*(9.9e1./1.0e2)-t10.*t11.*t15.*t50.*t54.*t74.*2.943318101277628e-5+t10.*t11.*t15.*t50.*t68.*t73.*3.692996362958128e-3+t10.*t11.*t50.*t54.*t63.*t73.*3.692996362958128e-3-t8.*t10.*t11.*t54.*t62.*t63.*t73.*1.98e-4,-t6.*t7+t24.*t28.*(t10.*5.118924508790072-t11.*t15.*t70.*1.023784901758014e-3)-t17.*t24.*t45,Rt.*t26.*(-1.9e1./2.0e1)+t4.*t45.*(1.9e1./2.0e1)+t5.*t6.*t8.*t9.*(1.9e1./2.0e1),Rt.*(t56.*t62.*(1.0./1.9e1)+t54.*t62.*t75+t2.*t5.*t10.*t15.*t46.*t49.*t50.*1.963315450801769e-4+t2.*t5.*t10.*t11.*t49.*t50.*t54.*1.865149678261681e1-t2.*t7.*t10.*t15.*t46.*t49.*t50.*t54.*3.730299356523361e-3-t2.*t5.*t15.*t46.*t49.*t50.*t54.*t70.*3.730299356523361e-3+t2.*1.0./t4.^3.*t6.*t10.*t15.*t46.*t50.*t54.*t69.*3.730299356523361e-3).*(-9.9e1./1.0e2),t10.*t50.*t54.*t73.*1.846498181479064e1-t8.*t56.*t62.*t73.*5.210526315789474e-2+t10.*t11.*t15.*t50.*t73.*1.943682296293751e-4-t8.*t54.*t62.*t73.*t75.*(9.9e1./1.0e2)-t11.*t15.*t50.*t54.*t70.*t73.*3.692996362958128e-3,t24.*t28.*(t11.*5.118924508790072-t10.*t15.*t46.*1.023784901758014e-3)+t17.*t24.*t26,t4.*t26.*(-1.9e1./2.0e1),Rt.*(t54.*t62.*t76+t2.*t5.*t46.*t49.*t50.*t54.*1.865149678261681e1-1.0./Rt.^3.*t2.*t5.*t10.*t15.*t49.*t50.*t54.*7.460598713046723e-3).*(-9.9e1./1.0e2)-t54.*t56.*t62.*(9.9e1./1.0e2)-t2.*t5.*t10.*t15.*t46.*t49.*t50.*t54.*3.692996362958128e-3,t11.*t50.*t54.*t73.*1.846498181479064e1-t8.*t54.*t62.*t73.*t76.*(9.9e1./1.0e2)-t10.*t15.*t46.*t50.*t54.*t73.*3.692996362958128e-3],[4,4]);
