function H2gt = H2gt(Q_t,Kh_t,R_t,Q_tp1,Kh_tp1,D_tp1,R_tp1,Qs)
%H2GT
%    H2GT = H2GT(Q_T,KH_T,R_T,Q_TP1,KH_TP1,D_TP1,R_TP1,QS)

%    This function was generated by the Symbolic Math Toolbox version 6.3.
%    16-Dec-2015 20:16:08

t2 = Kh_t.*Q_t.*4.467077637809345e3;
t3 = Q_t.*4.467077637809345e3;
t4 = Kh_tp1.*Q_tp1;
t5 = 1.0./Q_t;
t6 = Q_tp1+1.26e-2;
t7 = t2-t3;
t8 = Kh_t.^2;
t9 = t8.*3.985e-3;
t10 = t9-5.770906e-2;
t11 = D_tp1.*(1.0./1.9e1);
t12 = Kh_tp1.^2;
t13 = Kh_tp1.*Q_tp1.*(1.0./1.9e1);
t14 = Q_tp1.*(-1.0./1.9e1)+t11-t12.*3.985e-3+t13+5.772084210526315e-2;
t15 = 1.0./t14;
H2gt = [Q_t.*(-4.467077637809345e3)+t2-(R_t.*(Q_t.*(-4.467077637809345e3)+t2+1.0)-t5.*t6.*t7).*((Q_tp1.*1.8373e-1-Kh_tp1.*Q_tp1.*1.8373e-1)./(D_tp1-Q_tp1+t4)-1.0./2.0e1).*5.118924508790072;D_tp1-Q_tp1+t4+R_t.*(t2-t3+1.0).*2.12667e-4-t5.*t6.*t7.*2.12667e-4+1.148e-4;R_t.*t10.*t15.*(-9.9e1./1.0e2)-1.0;(t6.*t10.*t15.*(-9.9e1./1.0e2))./(Kh_t.*7.97e-3+Q_t)-1.0];
