function H = H2lt(in1,in2,Qs)
%H2LT
%    H = H2LT(IN1,IN2,QS)

%    This function was generated by the Symbolic Math Toolbox version 6.3.
%    17-Dec-2015 13:46:38

Dtp1 = in2(:,3);
Qt = in1(:,1);
Qtp1 = in2(:,1);
Rt = in1(:,4);
kHt = in1(:,2);
kHtp1 = in2(:,2);
t2 = Qt.*kHt.*4.467077637809345e3;
t3 = Qtp1.*kHtp1;
t4 = Qt.*4.467077637809345e3;
t5 = 1.0./Qt;
t6 = Qtp1+1.26e-2;
t7 = t2-t4;
t8 = 1.0./Rt;
t9 = Qt.*kHt.*4.611686018427388e18;
t22 = Qt.*4.611686018427388e18;
t10 = t9-t22+1.032372032085155e15;
t11 = 1.0./t10;
t12 = Qs.*2.882303761517117e21;
t13 = Rt.*6.452325200532219e17;
t14 = Qt.*Rt.*kHt.*2.882303761517117e21;
t23 = kHt.*3.631702739511568e19;
t24 = Qt.*Rt.*2.882303761517117e21;
t25 = Qs.*kHt.*2.882303761517117e21;
t15 = t12+t13+t14-t23-t24-t25+3.631702739511568e19;
t16 = kHt.*7.97e-3;
t17 = Qt+t16;
t18 = 1.0./t17;
t19 = kHt.^2;
t20 = t19.*3.985e-3;
t21 = t20-5.781812e-2;
H = [Qt.*(-4.467077637809345e3)+t2+(t8.*t11.*t15.*8.190279214064116e-3-5.118924508790072).*(Rt.*(Qt.*(-4.467077637809345e3)+t2+1.0)-t5.*t6.*t7).*((Qtp1.*1.8373e-1-Qtp1.*kHtp1.*1.8373e-1)./(Dtp1-Qtp1+t3)-1.0./2.0e1);Dtp1-Qtp1+t3+Rt.*(t2-t4+1.0).*2.12667e-4-t5.*t6.*t7.*2.12667e-4+1.148e-4;(t6.*t18.*t21.*(t8.*t11.*t15.*(1.0./6.25e2)-1.0).*(9.9e1./1.0e2))./(Dtp1.*(1.0./1.9e1)-Qtp1.*(1.0./1.9e1)+Qtp1.*kHtp1.*(1.0./1.9e1)-kHtp1.^2.*3.985e-3+5.772084210526315e-2)-t8.*t11.*t15.*t18.*t21.*(Qs+1.26e-2).*2.954397090366502e-2-1.0];
