function Hbs = Hbsn(in1,in2,Qss1)
%HBSN
%    HBS = HBSN(IN1,IN2,QSS1)

%    This function was generated by the Symbolic Math Toolbox version 6.3.
%    17-Dec-2015 14:40:14

sss1 = in2(:,1);
sss2 = in2(:,2);
sss3 = in2(:,3);
zs1 = in1(:,1);
zs2 = in1(:,2);
zs3 = in1(:,3);
zs4 = in1(:,4);
zs5 = in1(:,5);
zs6 = in1(:,6);
zs23 = in1(:,23);
zs24 = in1(:,24);
zs25 = in1(:,25);
zs26 = in1(:,26);
zs27 = in1(:,27);
zs28 = in1(:,28);
zs29 = in1(:,29);
zs30 = in1(:,30);
zs31 = in1(:,31);
zs32 = in1(:,32);
zs33 = in1(:,33);
zs34 = in1(:,34);
zs35 = in1(:,35);
zs36 = in1(:,36);
zs37 = in1(:,37);
zs38 = in1(:,38);
zs39 = in1(:,39);
zs40 = in1(:,40);
zs41 = in1(:,41);
zs42 = in1(:,42);
zs43 = in1(:,43);
zs44 = in1(:,44);
zs45 = in1(:,45);
zs46 = in1(:,46);
zs47 = in1(:,47);
zs48 = in1(:,48);
zs49 = in1(:,49);
zs50 = in1(:,50);
zs51 = in1(:,51);
zs52 = in1(:,52);
zs53 = in1(:,53);
zs54 = in1(:,54);
zs55 = in1(:,55);
zs56 = in1(:,56);
zs57 = in1(:,57);
zs58 = in1(:,58);
zs59 = in1(:,59);
zs60 = in1(:,60);
zs61 = in1(:,61);
zs62 = in1(:,62);
zs63 = in1(:,63);
zs64 = in1(:,64);
zs65 = in1(:,65);
zs66 = in1(:,66);
zs67 = in1(:,67);
zs68 = in1(:,68);
zs69 = in1(:,69);
zs70 = in1(:,70);
zs71 = in1(:,71);
zs72 = in1(:,72);
zs73 = in1(:,73);
zs74 = in1(:,74);
zs75 = in1(:,75);
zs76 = in1(:,76);
zs77 = in1(:,77);
zs78 = in1(:,78);
zs79 = in1(:,79);
zs80 = in1(:,80);
zs81 = in1(:,81);
zs82 = in1(:,82);
zs83 = in1(:,83);
zs84 = in1(:,84);
zs85 = in1(:,85);
zs86 = in1(:,86);
zs87 = in1(:,87);
zs88 = in1(:,88);
zs89 = in1(:,89);
zs90 = in1(:,90);
zs91 = in1(:,91);
zs92 = in1(:,92);
zs93 = in1(:,93);
zs94 = in1(:,94);
zs95 = in1(:,95);
zs96 = in1(:,96);
zs97 = in1(:,97);
zs98 = in1(:,98);
zs99 = in1(:,99);
t2 = zs1.*zs2.*4.467077637809345e3;
t6 = zs1.*4.467077637809345e3;
t3 = t2-t6+1.0;
t4 = zs4.*zs5;
t5 = 1.0./zs1;
t7 = zs4+1.26e-2;
t8 = 1.0./zs3;
t9 = zs1.*zs2.*4.611686018427388e18;
t22 = zs1.*4.611686018427388e18;
t10 = t9-t22+1.032372032085155e15;
t11 = 1.0./t10;
t12 = Qss1.*2.882303761517117e21;
t13 = zs3.*6.452325200532219e17;
t14 = zs1.*zs2.*zs3.*2.882303761517117e21;
t23 = zs2.*3.631702739511568e19;
t24 = Qss1.*zs2.*2.882303761517117e21;
t25 = zs1.*zs3.*2.882303761517117e21;
t15 = t12+t13+t14-t23-t24-t25+3.631702739511568e19;
t16 = zs2.^2;
t17 = t16.*3.985e-3;
t18 = t17-5.781812e-2;
t19 = zs2.*7.97e-3;
t20 = t19+zs1;
t21 = 1.0./t20;
t26 = zs23.*zs24;
t27 = t26-zs23+zs25;
t28 = 1.0./t27;
t29 = t26-zs23;
t30 = zs27.*zs28;
t31 = t28.*t29;
t32 = t31-1.0;
t33 = t32.*zs26;
t34 = 1.0./zs23;
t35 = zs27+1.26e-2;
t36 = 1.0./zs25;
t37 = 1.0./zs26;
t38 = zs24.*6.3e1;
t39 = Qss1.*zs24.*5.0e3;
t40 = zs25.*zs26.*5.0e3;
t43 = Qss1.*5.0e3;
t41 = t38+t39+t40-t43-6.3e1;
t42 = Qss1+1.26e-2;
t44 = zs25.*(1.0./1.9e1);
t45 = zs23.*zs24.*(1.0./1.9e1);
t46 = zs24.^2;
t50 = zs23.*(1.0./1.9e1);
t51 = t46.*3.985e-3;
t47 = t44+t45-t50-t51+5.772084210526315e-2;
t48 = t36.*t37.*t41.*2.0e-4;
t49 = t48-1.0;
t52 = zs29.*(1.0./1.9e1);
t53 = zs27.*zs28.*(1.0./1.9e1);
t54 = zs28.^2;
t55 = t52+t53-t54.*3.985e-3-zs27.*(1.0./1.9e1)+5.772084210526315e-2;
t56 = 1.0./t55;
t57 = zs24.*7.97e-3;
t58 = t57+zs23;
t59 = 1.0./t58;
t60 = zs26.*zs27;
t61 = t60-zs26+zs28;
t62 = 1.0./t61;
t63 = t60-zs26;
t64 = zs30.*zs31;
t65 = t62.*t63;
t66 = t65-1.0;
t67 = t66.*zs29;
t68 = zs30+1.26e-2;
t69 = 1.0./zs28;
t70 = 1.0./zs29;
t71 = zs27.*6.3e1;
t72 = Qss1.*zs27.*5.0e3;
t73 = zs28.*zs29.*5.0e3;
t74 = -t43+t71+t72+t73-6.3e1;
t75 = zs28.*(1.0./1.9e1);
t76 = zs26.*zs27.*(1.0./1.9e1);
t77 = zs27.^2;
t81 = zs26.*(1.0./1.9e1);
t82 = t77.*3.985e-3;
t78 = t75+t76-t81-t82+5.772084210526315e-2;
t79 = t69.*t70.*t74.*2.0e-4;
t80 = t79-1.0;
t83 = zs32.*(1.0./1.9e1);
t84 = zs30.*zs31.*(1.0./1.9e1);
t85 = zs31.^2;
t86 = t83+t84-t85.*3.985e-3-zs30.*(1.0./1.9e1)+5.772084210526315e-2;
t87 = 1.0./t86;
t88 = zs27.*7.97e-3;
t89 = t88+zs26;
t90 = 1.0./t89;
t91 = zs29.*zs30;
t92 = t91-zs29+zs31;
t93 = 1.0./t92;
t94 = t91-zs29;
t95 = zs33.*zs34;
t96 = t93.*t94;
t97 = t96-1.0;
t98 = t97.*zs32;
t99 = zs33+1.26e-2;
t100 = 1.0./zs31;
t101 = 1.0./zs32;
t102 = zs30.*6.3e1;
t103 = Qss1.*zs30.*5.0e3;
t104 = zs31.*zs32.*5.0e3;
t105 = -t43+t102+t103+t104-6.3e1;
t106 = zs31.*(1.0./1.9e1);
t107 = zs29.*zs30.*(1.0./1.9e1);
t108 = zs30.^2;
t112 = t108.*3.985e-3;
t109 = -t52+t106+t107-t112+5.772084210526315e-2;
t110 = t100.*t101.*t105.*2.0e-4;
t111 = t110-1.0;
t113 = zs35.*(1.0./1.9e1);
t114 = zs33.*zs34.*(1.0./1.9e1);
t115 = zs34.^2;
t116 = t113+t114-t115.*3.985e-3-zs33.*(1.0./1.9e1)+5.772084210526315e-2;
t117 = 1.0./t116;
t118 = zs30.*7.97e-3;
t119 = t118+zs29;
t120 = 1.0./t119;
t121 = zs32.*zs33;
t122 = t121-zs32+zs34;
t123 = 1.0./t122;
t124 = t121-zs32;
t125 = zs36.*zs37;
t126 = t123.*t124;
t127 = t126-1.0;
t128 = t127.*zs35;
t129 = zs36+1.26e-2;
t130 = 1.0./zs34;
t131 = 1.0./zs35;
t132 = zs33.*6.3e1;
t133 = Qss1.*zs33.*5.0e3;
t134 = zs34.*zs35.*5.0e3;
t135 = -t43+t132+t133+t134-6.3e1;
t136 = zs34.*(1.0./1.9e1);
t137 = zs32.*zs33.*(1.0./1.9e1);
t138 = zs33.^2;
t142 = t138.*3.985e-3;
t139 = -t83+t136+t137-t142+5.772084210526315e-2;
t140 = t130.*t131.*t135.*2.0e-4;
t141 = t140-1.0;
t143 = zs38.*(1.0./1.9e1);
t144 = zs36.*zs37.*(1.0./1.9e1);
t145 = zs37.^2;
t146 = t143+t144-t145.*3.985e-3-zs36.*(1.0./1.9e1)+5.772084210526315e-2;
t147 = 1.0./t146;
t148 = zs33.*7.97e-3;
t149 = t148+zs32;
t150 = 1.0./t149;
t151 = zs35.*zs36;
t152 = t151-zs35+zs37;
t153 = 1.0./t152;
t154 = t151-zs35;
t155 = zs39.*zs40;
t156 = t153.*t154;
t157 = t156-1.0;
t158 = t157.*zs38;
t159 = zs39+1.26e-2;
t160 = 1.0./zs37;
t161 = 1.0./zs38;
t162 = zs36.*6.3e1;
t163 = Qss1.*zs36.*5.0e3;
t164 = zs37.*zs38.*5.0e3;
t165 = -t43+t162+t163+t164-6.3e1;
t166 = zs37.*(1.0./1.9e1);
t167 = zs35.*zs36.*(1.0./1.9e1);
t168 = zs36.^2;
t172 = t168.*3.985e-3;
t169 = -t113+t166+t167-t172+5.772084210526315e-2;
t170 = t160.*t161.*t165.*2.0e-4;
t171 = t170-1.0;
t173 = zs41.*(1.0./1.9e1);
t174 = zs39.*zs40.*(1.0./1.9e1);
t175 = zs40.^2;
t176 = t173+t174-t175.*3.985e-3-zs39.*(1.0./1.9e1)+5.772084210526315e-2;
t177 = 1.0./t176;
t178 = zs36.*7.97e-3;
t179 = t178+zs35;
t180 = 1.0./t179;
t181 = zs38.*zs39;
t182 = t181-zs38+zs40;
t183 = 1.0./t182;
t184 = t181-zs38;
t185 = zs42.*zs43;
t186 = t183.*t184;
t187 = t186-1.0;
t188 = t187.*zs41;
t189 = zs42+1.26e-2;
t190 = 1.0./zs40;
t191 = 1.0./zs41;
t192 = zs39.*6.3e1;
t193 = Qss1.*zs39.*5.0e3;
t194 = zs40.*zs41.*5.0e3;
t195 = -t43+t192+t193+t194-6.3e1;
t196 = zs40.*(1.0./1.9e1);
t197 = zs38.*zs39.*(1.0./1.9e1);
t198 = zs39.^2;
t202 = t198.*3.985e-3;
t199 = -t143+t196+t197-t202+5.772084210526315e-2;
t200 = t190.*t191.*t195.*2.0e-4;
t201 = t200-1.0;
t203 = zs44.*(1.0./1.9e1);
t204 = zs42.*zs43.*(1.0./1.9e1);
t205 = zs43.^2;
t206 = t203+t204-t205.*3.985e-3-zs42.*(1.0./1.9e1)+5.772084210526315e-2;
t207 = 1.0./t206;
t208 = zs39.*7.97e-3;
t209 = t208+zs38;
t210 = 1.0./t209;
t211 = zs41.*zs42;
t212 = t211-zs41+zs43;
t213 = 1.0./t212;
t214 = t211-zs41;
t215 = zs45.*zs46;
t216 = t213.*t214;
t217 = t216-1.0;
t218 = t217.*zs44;
t219 = zs45+1.26e-2;
t220 = 1.0./zs43;
t221 = 1.0./zs44;
t222 = zs42.*6.3e1;
t223 = Qss1.*zs42.*5.0e3;
t224 = zs43.*zs44.*5.0e3;
t225 = -t43+t222+t223+t224-6.3e1;
t226 = zs43.*(1.0./1.9e1);
t227 = zs41.*zs42.*(1.0./1.9e1);
t228 = zs42.^2;
t232 = t228.*3.985e-3;
t229 = -t173+t226+t227-t232+5.772084210526315e-2;
t230 = t220.*t221.*t225.*2.0e-4;
t231 = t230-1.0;
t233 = zs47.*(1.0./1.9e1);
t234 = zs45.*zs46.*(1.0./1.9e1);
t235 = zs46.^2;
t236 = t233+t234-t235.*3.985e-3-zs45.*(1.0./1.9e1)+5.772084210526315e-2;
t237 = 1.0./t236;
t238 = zs42.*7.97e-3;
t239 = t238+zs41;
t240 = 1.0./t239;
t241 = zs44.*zs45;
t242 = t241-zs44+zs46;
t243 = 1.0./t242;
t244 = t241-zs44;
t245 = zs48.*zs49;
t246 = t243.*t244;
t247 = t246-1.0;
t248 = t247.*zs47;
t249 = zs48+1.26e-2;
t250 = 1.0./zs46;
t251 = 1.0./zs47;
t252 = zs45.*6.3e1;
t253 = Qss1.*zs45.*5.0e3;
t254 = zs46.*zs47.*5.0e3;
t255 = -t43+t252+t253+t254-6.3e1;
t256 = zs46.*(1.0./1.9e1);
t257 = zs44.*zs45.*(1.0./1.9e1);
t258 = zs45.^2;
t262 = t258.*3.985e-3;
t259 = -t203+t256+t257-t262+5.772084210526315e-2;
