function H = Hlt2(Qt,kHt,Dt,Rt,Qtp1,kHtp1,Dtp1,Rtp1,Qs)
%HLT2
%    H = HLT2(QT,KHT,DT,RT,QTP1,KHTP1,DTP1,RTP1,QS)

%    This function was generated by the Symbolic Math Toolbox version 6.3.
%    17-Dec-2015 11:46:28

t2 = Qt.*kHt;
t3 = Dt-Qt+t2;
t4 = 1.0./t3;
t5 = Qt-t2;
t6 = Qtp1.*kHtp1;
t7 = t4.*t5;
t8 = t7+1.0;
t9 = Rt.*t8;
t10 = 1.0./Qt;
t11 = Qtp1+1.26e-2;
t12 = t9-t4.*t5.*t10.*t11;
t13 = 1.0./Dt;
t14 = 1.0./Rt;
t15 = kHt.*6.3e1;
t16 = Qs.*kHt.*5.0e3;
t17 = Dt.*Rt.*5.0e3;
t23 = Qs.*5.0e3;
t18 = t15+t16+t17-t23-6.3e1;
t19 = Dt.*(1.0./1.9e1);
t20 = Qt.*kHt.*(1.0./1.9e1);
t21 = kHt.^2;
t26 = Qt.*(1.0./1.9e1);
t27 = t21.*3.985e-3;
t22 = t19+t20-t26-t27+5.772084210526315e-2;
t24 = t13.*t14.*t18.*2.0e-4;
t25 = t24-1.0;
t28 = Dtp1.*(1.0./1.9e1);
t29 = Qtp1.*kHtp1.*(1.0./1.9e1);
t30 = kHtp1.^2;
t31 = Qtp1.*(-1.0./1.9e1)+t28+t29-t30.*3.985e-3+5.772084210526315e-2;
t32 = 1.0./t31;
t33 = kHt.*7.97e-3;
t34 = Qt+t33;
t35 = 1.0./t34;
t36 = Qs+1.26e-2;
H = [t4.*(Qt-Qt.*kHt)+t12.*(t13.*t14.*t18.*1.023784901758014e-3-5.118924508790072).*((Qtp1.*1.8373e-1-Qtp1.*kHtp1.*1.8373e-1)./(Dtp1-Qtp1+t6)-1.0./2.0e1);Dtp1-Qtp1+t6-t3.*t12.*(1.9e1./2.0e1)+1.148e-4;Rt.*(t22.*t25.*t32+(1.0./Rt.^2.*t4.*t13.*t18.*t22.*t36.*(kHt-1.0).*3.730299356523361e-3)./t8).*(-9.9e1./1.0e2)-1.0;t11.*t22.*t25.*t32.*t35.*(-9.9e1./1.0e2)+t13.*t14.*t18.*t22.*t35.*t36.*3.692996362958128e-3-1.0];
