function Kk = Kk2(Dtp1,Qrun,Qtp1,kHt,kHtp1)
%KK2
%    KK = KK2(DTP1,QRUN,QTP1,KHT,KHTP1)

%    This function was generated by the Symbolic Math Toolbox version 6.3.
%    20-Dec-2015 17:50:53

t2 = Qtp1.^2;
t3 = Dtp1.^2;
t4 = kHtp1.^2;
t5 = Qtp1.*kHtp1;
t6 = Dtp1-Qtp1+t5;
t7 = 1.0./t6;
t8 = Dtp1.*1.152921504606847e23;
t9 = Qtp1.*5.764607523034235e21;
t10 = kHt.*1.380047041014396e21;
t11 = Qtp1.*kHtp1.*1.152921504606847e23;
t27 = Qtp1.*kHt.*1.095275429376505e23;
t12 = t8-t9-t10+t11-t27+1.393282579887282e21;
t13 = 1.0./t12;
t14 = Dtp1.*1.33414231838697e21;
t15 = Qtp1.*kHtp1.*6.236581681531728e21;
t16 = Qrun.*t3.*9.223372036854776e26;
t17 = Qrun.*t2.*4.311557492348133e27;
t18 = t3.*1.162144876643702e25;
t19 = t2.*5.432562440358648e25;
t20 = t2.*t4.*5.432562440358648e25;
t21 = Dtp1.*Qrun.*1.058843109830928e23;
t22 = Qrun.*t2.*t4.*4.311557492348133e27;
t23 = Dtp1.*Qtp1.*kHtp1.*6.59470731700235e25;
t24 = Qrun.*Qtp1.*kHtp1.*4.949668001215657e23;
t25 = Dtp1.*Qrun.*Qtp1.*kHtp1.*5.233894696033611e27;
t28 = Qtp1.*6.236581681531728e21;
t29 = Qrun.*Qtp1.*4.949668001215657e23;
t30 = kHtp1.*t2.*1.08651248807173e26;
t31 = Dtp1.*Qtp1.*6.59470731700235e25;
t32 = Dtp1.*Qrun.*Qtp1.*5.233894696033611e27;
t33 = Qrun.*kHtp1.*t2.*8.623114984696267e27;
t26 = t14+t15+t16+t17+t18+t19+t20+t21+t22+t23+t24+t25-t28-t29-t30-t31-t32-t33;
t34 = Dtp1.*3.953166751843052e40;
t35 = Qtp1.*5.701793779697015e40;
t36 = Qtp1.*kHt.*5.668761059305515e40;
t37 = Qtp1.*kHtp1.*5.701793779697015e40;
t38 = Qrun.*t3.*3.289839289567667e45;
t39 = Qrun.*t2.*1.537868274301302e46;
t40 = t3.*4.43293897168017e43;
t41 = t2.*1.939152732953764e44;
t42 = t2.*t4.*1.966488172302131e44;
t43 = Dtp1.*Qrun.*3.776735504423681e41;
t44 = Qrun.*t2.*t4.*1.537868274301302e46;
t45 = Dtp1.*Qtp1.*kHt.*2.3248983367568e44;
t46 = Dtp1.*Qtp1.*kHtp1.*2.409782069470148e44;
t47 = Qrun.*Qtp1.*kHt.*1.765472778897894e42;
t48 = Qrun.*Qtp1.*kHtp1.*1.765472778897894e42;
t49 = kHt.*kHtp1.*t2.*3.848092611890913e44;
t50 = Qrun.*kHt.*kHtp1.*t2.*3.075736548602603e46;
t51 = Dtp1.*Qrun.*Qtp1.*kHt.*1.866852203258068e46;
t52 = Dtp1.*Qrun.*Qtp1.*kHtp1.*1.866852203258068e46;
t55 = Qrun.*Qtp1.*1.765472778897894e42;
t56 = Dtp1.*kHt.*3.920134031451553e40;
t57 = kHt.*t3.*4.14519750485526e43;
t58 = kHt.*t2.*1.910378586271273e44;
t59 = kHtp1.*t2.*3.905640905255895e44;
t60 = Dtp1.*Qtp1.*2.382446630121781e44;
t61 = kHt.*t2.*t4.*1.93771402561964e44;
t62 = Dtp1.*Qrun.*Qtp1.*1.866852203258068e46;
t63 = Dtp1.*Qrun.*kHt.*3.776735504423681e41;
t64 = Qtp1.*kHt.*kHtp1.*5.668761059305515e40;
t65 = Qrun.*kHt.*t3.*3.289839289567667e45;
t66 = Qrun.*kHt.*t2.*1.537868274301302e46;
t67 = Qrun.*kHtp1.*t2.*3.075736548602603e46;
t68 = Qrun.*kHt.*t2.*t4.*1.537868274301302e46;
t69 = Dtp1.*Qtp1.*kHt.*kHtp1.*2.352233776105166e44;
t70 = Qrun.*Qtp1.*kHt.*kHtp1.*1.765472778897894e42;
t71 = Dtp1.*Qrun.*Qtp1.*kHt.*kHtp1.*1.866852203258068e46;
t53 = t34-t35+t36+t37+t38+t39+t40+t41+t42+t43+t44+t45+t46+t47+t48+t49+t50+t51+t52-t55-t56-t57-t58-t59-t60-t61-t62-t63-t64-t65-t66-t67-t68-t69-t70-t71;
t54 = 1.0./t53;
t72 = kHt.*7.97e-3;
t73 = t72-t7.*t13.*t26.*3.199327817993795e-5;
t74 = 1.0./t73;
t75 = kHt.^2;
t76 = t75.*3.985e-3;
t77 = t76-5.781812e-2;
t78 = t7.*t13.*t26.*1.475429536660779e14;
t79 = t78-kHt.*t7.*t13.*t26.*1.475429536660779e14+1.032372032085155e15;
t80 = 1.0./t79;
t81 = 1.0./t12.^2;
t82 = kHt.*3.631702739511568e19;
t83 = Qrun.*kHt.*2.882303761517117e21;
t84 = t12.^2;
t85 = t6.*t54.*t84.*6.567787862015427e17;
t86 = t12.*t26.*t54.*9.386449749677455e16;
t87 = Qrun.*-2.882303761517117e21+t82+t83+t85+t86-kHt.*t12.*t26.*t54.*9.386449749677455e16-3.631702739511568e19;
Kk = (t74.*t77.*(t7.*t53.*t80.*t81.*t87.*1.571871768355739e-3-1.0).*(Qtp1+1.26e-2).*(9.9e1./1.0e2))./(Dtp1.*(1.0./1.9e1)-Qtp1.*(1.0./1.9e1)-t4.*3.985e-3+Qtp1.*kHtp1.*(1.0./1.9e1)+5.772084210526315e-2)-t7.*t53.*t74.*t77.*t80.*t81.*t87.*(Qrun+1.26e-2).*2.902458361787153e-2-1.0;
