function stateV = stateV(Dtp1,Qs,Qtp1,kHt,kHtp1)
%STATEV
%    STATEV = STATEV(DTP1,QS,QTP1,KHT,KHTP1)

%    This function was generated by the Symbolic Math Toolbox version 6.3.
%    20-Dec-2015 14:58:47

stateV = [(Dtp1.*(-4.268358632378167e16)+Qtp1.*1.995286926291498e17+Qs.*Qtp1.*1.5835610526123e19-Qtp1.*kHtp1.*1.995286926291498e17-Dtp1.^2.*Qs.*2.950859073321558e22-Qs.*Qtp1.^2.*1.379408582414895e23+Qtp1.^2.*kHtp1.*3.476109627685536e21-Dtp1.^2.*3.718082432385163e20-Qtp1.^2.*1.738054813842768e21-Qtp1.^2.*kHtp1.^2.*1.738054813842768e21-Dtp1.*Qs.*3.387586216173148e18+Dtp1.*Qtp1.*2.109863057081284e21-Qs.*Qtp1.^2.*kHtp1.^2.*1.379408582414895e23+Dtp1.*Qs.*Qtp1.*1.674494489747051e23-Dtp1.*Qtp1.*kHtp1.*2.109863057081284e21-Qs.*Qtp1.*kHtp1.*1.5835610526123e19+Qs.*Qtp1.^2.*kHtp1.*2.758817164829791e23-Dtp1.*Qs.*Qtp1.*kHtp1.*1.674494489747051e23)./((Dtp1-Qtp1+Qtp1.*kHtp1).*(Dtp1.*1.152921504606847e23-Qtp1.*5.764607523034235e21-kHt.*1.380047041014396e21-Qtp1.*kHt.*1.095275429376505e23+Qtp1.*kHtp1.*1.152921504606847e23+1.393282579887282e21)),kHt,((Qs.*5.0e3-kHt.*6.3e1-Qs.*kHt.*5.0e3+6.3e1).*(Dtp1.*8.998323975441303e42-Qs.*4.431587439238615e42-Qtp1.*4.503800887087701e41-kHt.*5.186609123842335e40+Qs.*Qtp1.*4.040853107186144e42+Qs.*kHt.*4.431587439238615e42-Qtp1.*kHt.*8.547943886732532e42+Qtp1.*kHtp1.*8.998323975441303e42-Dtp1.*kHtp1.^2.*3.220559926427357e41+Qs.*kHtp1.^2.*3.059531930105989e41+Qtp1.^2.*kHt.*4.040853107186144e42+Qtp1.*kHtp1.^2.*1.610279963213678e40-Qtp1.^2.*kHtp1.*4.466206065837317e42-Qtp1.*kHtp1.^3.*3.220559926427357e41+Dtp1.^2.*4.253529586511731e42+Qtp1.^2.*2.126764793255865e41-kHtp1.^2.*3.697202795538606e37+Qtp1.^2.*kHtp1.^2.*4.253529586511731e42-Dtp1.*Qs.*4.040853107186144e42-Dtp1.*Qtp1.*4.466206065837317e42+Dtp1.*Qs.*kHt.*4.040853107186144e42-Dtp1.*Qtp1.*kHt.*4.040853107186144e42+Dtp1.*Qtp1.*kHtp1.*8.507059173023462e42-Qs.*Qtp1.*kHt.*4.040853107186144e42-Qs.*Qtp1.*kHtp1.*4.040853107186144e42-Qs.*kHt.*kHtp1.^2.*3.059531930105989e41+Qtp1.*kHt.*kHtp1.^2.*3.059531930105989e41-Qtp1.^2.*kHt.*kHtp1.*4.040853107186144e42+Qs.*Qtp1.*kHt.*kHtp1.*4.040853107186144e42+5.289904277336745e40).*(Dtp1.*-1.362868014374999e45+Qtp1.*1.363007904537228e45+Qs.*Qtp1.*1.412378223118315e43+Dtp1.*kHt.*1.349921761423163e45-Qtp1.*kHt.*1.350061651585391e45-Qtp1.*kHtp1.*1.363007904537228e45-Dtp1.^2.*Qs.*2.631871431654133e46-Qs.*Qtp1.^2.*1.230294619441041e47+Dtp1.*kHt.^2.*9.408867113281494e43+Dtp1.^2.*kHt.*3.316158003884208e44-Dtp1.*kHt.^3.*9.319487235699348e43-Qtp1.*kHt.^2.*9.408867113281494e43-Qtp1.^2.*kHt.*1.055834551230978e47+Qtp1.*kHt.^3.*9.319487235699348e43+Qtp1.^2.*kHtp1.*1.215111926102264e47-Dtp1.^2.*1.131038540568027e47-Qtp1.^2.*7.188783133316424e45+Dtp1.^2.*kHt.^2.*7.785703622138135e45+Qtp1.^2.*kHt.^2.*3.892851811069068e44+Qtp1.^2.*kHt.^3.*7.396418441031228e45-Qtp1.^2.*kHtp1.^2.*1.1432240947691e47-Dtp1.*Qs.*3.021388403538945e42+Dtp1.*Qtp1.*1.202926371901191e47-Qs.*Qtp1.^2.*kHtp1.^2.*1.230294619441041e47+Qtp1.^2.*kHt.*kHtp1.^2.*1.550171220495712e45-Qtp1.^2.*kHt.^2.*kHtp1.*8.174988803245042e45-Qtp1.^2.*kHt.^3.*kHtp1.*7.396418441031228e45+Dtp1.*Qs.*Qtp1.*1.493481762606455e47+Dtp1.*Qs.*kHt.*3.021388403538945e42+Dtp1.*Qtp1.*kHt.*1.052518393227094e47-Dtp1.*Qtp1.*kHtp1.*2.274262635337126e47-Qs.*Qtp1.*kHt.*1.412378223118315e43-Qs.*Qtp1.*kHtp1.*1.412378223118315e43+Qtp1.*kHt.*kHtp1.*1.350061651585391e45+Qtp1.^2.*kHt.^2.*kHtp1.^2.*7.785703622138135e45+Dtp1.^2.*Qs.*kHt.*2.631871431654133e46-Dtp1.*Qtp1.*kHt.^2.*8.174988803245042e45-Dtp1.*Qtp1.*kHt.^3.*7.396418441031228e45+Qs.*Qtp1.^2.*kHt.*1.230294619441041e47+Qs.*Qtp1.^2.*kHtp1.*2.460589238882082e47+Qtp1.*kHt.^2.*kHtp1.*9.408867113281494e43+Qtp1.^2.*kHt.*kHtp1.*1.040332839026021e47-Qtp1.*kHt.^3.*kHtp1.*9.319487235699348e43+Dtp1.*Qtp1.*kHt.^2.*kHtp1.*1.557140724427627e46-Qs.*Qtp1.^2.*kHt.*kHtp1.*2.460589238882082e47+Qs.*Qtp1.^2.*kHt.*kHtp1.^2.*1.230294619441041e47-Dtp1.*Qs.*Qtp1.*kHt.*1.493481762606455e47-Dtp1.*Qs.*Qtp1.*kHtp1.*1.493481762606455e47+Dtp1.*Qtp1.*kHt.*kHtp1.*1.881787020884133e45+Qs.*Qtp1.*kHt.*kHtp1.*1.412378223118315e43+Dtp1.*Qs.*Qtp1.*kHt.*kHtp1.*1.493481762606455e47).*(-1.249737428903826e-7))./((Dtp1-Qtp1+Qtp1.*kHtp1).*(Dtp1.*1.152921504606847e23-Qtp1.*5.764607523034235e21-kHt.*1.380047041014396e21-Qtp1.*kHt.*1.095275429376505e23+Qtp1.*kHtp1.*1.152921504606847e23+1.393282579887282e21).*(Dtp1.*2.641422902296847e63+Qs.*1.637941942121867e60-Qtp1.*1.600720268804664e62-kHt.*3.128565909871713e61+Qs.*Qtp1.*2.226302043547539e62+Dtp1.*kHt.*3.399035638110705e61-Qs.*kHt.*3.851568902542156e60-Qtp1.*kHt.*2.455315537816372e63+Qtp1.*kHtp1.*2.641422902296847e63+Dtp1.*Qs.^2.*2.252050087788076e63-Dtp1.^2.*Qs.*2.370579039776922e63-Qs.*Qtp1.^2.*1.185289519888461e62-Qs.^2.*Qtp1.*2.252050087788076e63+Dtp1.^2.*kHt.*2.986929590118922e61-Dtp1.*kHtp1.^2.*1.824274690903042e62+Qs.*kHt.^2.*2.213626960420289e60-Qs.^2.*kHt.*4.939628646153663e63-Qs.*kHtp1.^2.*2.127870784799392e60-Qtp1.*kHt.^2.*6.002569398111586e61+Qtp1.^2.*kHt.*2.290420304071148e63+Qtp1.*kHtp1.^2.*9.121373454515211e60-Qtp1.^2.*kHtp1.*2.529866506568308e63-Qtp1.*kHtp1.^3.*1.824274690903042e62+kHt.*kHtp1.^2.*2.210467976899414e60+Dtp1.^2.*2.409396672922198e63+Qs.^2.*2.469814323076831e63+Qtp1.^2.*1.204698336461099e62-kHt.^2.*3.642160222303821e59-kHtp1.^2.*2.231670276720236e60+Qs.^2.*kHt.^2.*2.469814323076831e63-Qs.^2.*kHtp1.^2.*1.705139723968741e62+Qtp1.^2.*kHt.^2.*2.837583110612975e61+Qtp1.^2.*kHtp1.^2.*2.409396672922198e63-Dtp1.*Qs.*4.986574171109981e63-Dtp1.*Qtp1.*2.529866506568308e63+Dtp1.*Qs.^2.*kHt.^2.*2.252050087788076e63+Qs.*Qtp1.^2.*kHt.^2.*2.252050087788076e63-Qs.^2.*Qtp1.*kHt.^2.*2.252050087788076e63-Qs.*Qtp1.^2.*kHtp1.^2.*2.370579039776922e63-Qs.*kHt.^2.*kHtp1.^2.*2.148476052200614e60+Qs.^2.*kHt.*kHtp1.^2.*3.410279447937483e62+Qtp1.*kHt.^2.*kHtp1.^2.*2.148476052200614e60+Qtp1.^2.*kHt.*kHtp1.^2.*2.986929590118922e61-Qtp1.^2.*kHt.^2.*kHtp1.*2.837583110612975e61+Dtp1.*Qs.*Qtp1.*2.489107991765768e63+Dtp1.*Qs.*kHt.*4.958198340003851e63-Dtp1.*Qtp1.*kHt.*2.320289599972337e63+Dtp1.*Qtp1.*kHtp1.*4.818793345844396e63+Qs.*Qtp1.*kHt.*4.569689593506603e63-Qs.*Qtp1.*kHtp1.*4.986574171109981e63+Qtp1.*kHt.*kHtp1.*3.399035638110705e61-Qs.^2.*kHt.^2.*kHtp1.^2.*1.705139723968741e62+Dtp1.*Qs.*kHt.^2.*2.837583110612975e61-Dtp1.*Qs.^2.*kHt.*4.504100175576151e63+Dtp1.^2.*Qs.*kHt.*2.370579039776922e63+Dtp1.*Qs.*kHtp1.^2.*1.794883919967096e62-Dtp1.*Qtp1.*kHt.^2.*2.837583110612975e61-Qs.*Qtp1.*kHt.^2.*4.792319797861357e63-Qs.*Qtp1.^2.*kHt.*2.13352113579923e63+Qs.^2.*Qtp1.*kHt.*4.504100175576151e63-Qs.*Qtp1.*kHtp1.^2.*8.974419599835481e60+Qs.*Qtp1.^2.*kHtp1.*2.489107991765768e63+Qs.^2.*Qtp1.*kHtp1.*2.252050087788076e63+Qs.*Qtp1.*kHtp1.^3.*1.794883919967096e62-Dtp1.*kHt.*kHtp1.^2.*2.261553739158541e60+Qs.*kHt.*kHtp1.^2.*4.276346837000006e60+Qtp1.*kHt.*kHtp1.^2.*1.734191733227469e62-Qtp1.^2.*kHt.*kHtp1.*2.320289599972337e63-Qtp1.*kHt.*kHtp1.^3.*2.261553739158541e60-Dtp1.*Qs.*Qtp1.*kHt.^2.*2.252050087788076e63-Dtp1.*Qs.*kHt.*kHtp1.^2.*1.794883919967096e62-Qs.*Qtp1.*kHt.*kHtp1.^2.*1.615395527970387e62+Qs.*Qtp1.*kHt.^2.*kHtp1.*2.837583110612975e61-Qs.*Qtp1.^2.*kHt.*kHtp1.*2.370579039776922e62-Qs.^2.*Qtp1.*kHt.*kHtp1.*4.504100175576151e63-Qs.*Qtp1.*kHt.*kHtp1.^3.*1.794883919967096e62+Qs.*Qtp1.*kHt.^2.*kHtp1.^2.*1.705139723968741e62+Qs.*Qtp1.^2.*kHt.*kHtp1.^2.*2.370579039776922e63-Qs.*Qtp1.^2.*kHt.^2.*kHtp1.*2.252050087788076e63+Qs.^2.*Qtp1.*kHt.^2.*kHtp1.*2.252050087788076e63-Dtp1.*Qs.*Qtp1.*kHt.*2.370579039776922e62-Dtp1.*Qs.*Qtp1.*kHtp1.*4.741158079553844e63+Dtp1.*Qtp1.*kHt.*kHtp1.*5.973859180237843e61+Qs.*Qtp1.*kHt.*kHtp1.*4.958198340003851e63+Dtp1.*Qs.*Qtp1.*kHt.*kHtp1.*4.741158079553844e63+3.195698041585997e61)),