function stateV = sV2lt(Dtp1,Qrun,Qtp1,kHt,kHtp1,Qt)
%SV2LT
%    STATEV = SV2LT(DTP1,QRUN,QTP1,KHT,KHTP1,QT)

%    This function was generated by the Symbolic Math Toolbox version 6.3.
%    20-Dec-2015 17:50:55

t2 = Qtp1.^2;
t3 = Dtp1.^2;
t4 = kHtp1.^2;
t5 = Qtp1.*kHtp1;
t6 = Dtp1-Qtp1+t5;
t7 = Dtp1.*1.152921504606847e23;
t8 = Qtp1.*5.764607523034235e21;
t9 = kHt.*1.380047041014396e21;
t10 = Qtp1.*kHtp1.*1.152921504606847e23;
t11 = t7-t8-t9+t10-Qtp1.*kHt.*1.095275429376505e23+1.393282579887282e21;
stateV = [(Dtp1.*(-4.268358632378167e16)+Qtp1.*1.995286926291498e17-t2.*1.738054813842768e21-t3.*3.718082432385163e20+Qrun.*Qtp1.*1.5835610526123e19-Qtp1.*kHtp1.*1.995286926291498e17-Qrun.*t2.*1.379408582414895e23-Qrun.*t3.*2.950859073321558e22+kHtp1.*t2.*3.476109627685536e21-t2.*t4.*1.738054813842768e21-Dtp1.*Qrun.*3.387586216173148e18+Dtp1.*Qtp1.*2.109863057081284e21+Dtp1.*Qrun.*Qtp1.*1.674494489747051e23-Dtp1.*Qtp1.*kHtp1.*2.109863057081284e21-Qrun.*Qtp1.*kHtp1.*1.5835610526123e19+Qrun.*kHtp1.*t2.*2.758817164829791e23-Qrun.*t2.*t4.*1.379408582414895e23-Dtp1.*Qrun.*Qtp1.*kHtp1.*1.674494489747051e23)./(t6.*t11),kHt,Qt-Qt.*kHt-2.2386e-4,(t6.*t11.^2.*(-9.67e2./9.5e2))./(Dtp1.*3.953166751843052e40-Qtp1.*5.701793779697015e40+t2.*1.939152732953764e44+t3.*4.43293897168017e43-Qrun.*Qtp1.*1.765472778897894e42-Dtp1.*kHt.*3.920134031451553e40+Qtp1.*kHt.*5.668761059305515e40+Qtp1.*kHtp1.*5.701793779697015e40+Qrun.*t2.*1.537868274301302e46+Qrun.*t3.*3.289839289567667e45-kHt.*t2.*1.910378586271273e44-kHt.*t3.*4.14519750485526e43-kHtp1.*t2.*3.905640905255895e44+t2.*t4.*1.966488172302131e44+Dtp1.*Qrun.*3.776735504423681e41-Dtp1.*Qtp1.*2.382446630121781e44-Dtp1.*Qrun.*Qtp1.*1.866852203258068e46-Dtp1.*Qrun.*kHt.*3.776735504423681e41+Dtp1.*Qtp1.*kHt.*2.3248983367568e44+Dtp1.*Qtp1.*kHtp1.*2.409782069470148e44+Qrun.*Qtp1.*kHt.*1.765472778897894e42+Qrun.*Qtp1.*kHtp1.*1.765472778897894e42-Qtp1.*kHt.*kHtp1.*5.668761059305515e40-Qrun.*kHt.*t2.*1.537868274301302e46-Qrun.*kHt.*t3.*3.289839289567667e45-Qrun.*kHtp1.*t2.*3.075736548602603e46+Qrun.*t2.*t4.*1.537868274301302e46+kHt.*kHtp1.*t2.*3.848092611890913e44-kHt.*t2.*t4.*1.93771402561964e44-Qrun.*kHt.*t2.*t4.*1.537868274301302e46+Dtp1.*Qrun.*Qtp1.*kHt.*1.866852203258068e46+Dtp1.*Qrun.*Qtp1.*kHtp1.*1.866852203258068e46-Dtp1.*Qtp1.*kHt.*kHtp1.*2.352233776105166e44-Qrun.*Qtp1.*kHt.*kHtp1.*1.765472778897894e42+Qrun.*kHt.*kHtp1.*t2.*3.075736548602603e46-Dtp1.*Qrun.*Qtp1.*kHt.*kHtp1.*1.866852203258068e46)];
