function V = Vss(s,Qs)
%VSS
%    V = VSS(s(3),KH,s(1),s(1)S,s(4))

%    This function was generated by the Symbolic Math Toolbox version 6.3.
%    15-s(3)ec-2015 13:12:29

t2 = s(2).*s(1);
t3 = s(3)-s(1)+t2;
t4 = 1.0./t3;
t5 = s(1)-t2;
t6 = t4.*t5;
t7 = t6+1.0;
t8 = s(1)+1.26e-2;
t9 = s(4).*t7;
t10 = 1.0./s(1);
t11 = t9-t4.*t5.*t8.*t10;
t12 = 1.0./s(4);
t13 = 1.0./t7;
t14 = s(2)-1.0;
t16 = t4.*t8.*t12.*t13.*t14;
t15 = min([-t16,1.0]);
t17 = t15-1.0;
t18 = s(3).*(1.0./1.9e1);
t19 = s(2).^2;
t20 = s(2).*s(1).*(1.0./1.9e1);
t21 = s(1).*(-1.0./1.9e1)+t18-t19.*3.985e-3+t20+5.772084210526315e-2;
V = [t4.*(s(1)-s(2).*s(1))-t11.*t15.*(t4.*t5.*1.8373e-1-1.0./2.0e1).*5.118924508790072,s(3)-s(1)+t2-t3.*t11.*(1.9e1./2.0e1)+1.148e-4,s(4).*t15.*(9.9e1./1.0e2)+t4.*t8.*t13.*t14.*t17.*t21.*1.846498181479064e1-1.0,s(2).*(-7.97e-3)-s(1)+t8.*t15.*(9.9e1./1.0e2)-t17.*t21.*(Qs+1.26e-2).*1.846498181479064e1];
