function eqn = eqnEq2Lt1(in1,kHt,Qrun)
%EQNEQ2LT1
%    EQN = EQNEQ2LT1(IN1,KHT,QRUN)

%    This function was generated by the Symbolic Math Toolbox version 6.3.
%    02-Jan-2016 15:48:59

Qtp1 = in1(:,1);
kHtp1 = in1(:,2);
Dtp1 = in1(:,3);
Rtp1 = in1(:,4);
eqn = [(Dtp1.*(-2.669350806300522e15)+Qtp1.*1.247814727913242e16+Qrun.*Qtp1.*9.903291491374938e17-Qtp1.*kHtp1.*1.247814727913242e16-Dtp1.^2.*Qrun.*1.844286920825974e21-Qrun.*Qtp1.^2.*8.621303640093096e21+Qtp1.^2.*kHtp1.*2.17256851730346e20-Dtp1.^2.*2.323801520240727e19-Qtp1.^2.*1.08628425865173e20-Qtp1.^2.*kHtp1.^2.*1.08628425865173e20-Dtp1.*Qrun.*2.118532385952796e17+Dtp1.*Qtp1.*1.318664410675803e20-Qrun.*Qtp1.^2.*kHtp1.^2.*8.621303640093096e21+Dtp1.*Qrun.*Qtp1.*1.046559056091907e22-Dtp1.*Qtp1.*kHtp1.*1.318664410675803e20-Qrun.*Qtp1.*kHtp1.*9.903291491374938e17+Qrun.*Qtp1.^2.*kHtp1.*1.724260728018619e22-Dtp1.*Qrun.*Qtp1.*kHtp1.*1.046559056091907e22)./((Dtp1-Qtp1+Qtp1.*kHtp1).*(Dtp1.*7.205759403792794e21-Qtp1.*3.602879701896397e20-kHt.*8.625294006339974e19-Qtp1.*kHt.*6.845471433603154e21+Qtp1.*kHtp1.*7.205759403792794e21+8.708066564611342e19)),kHt,(Dtp1.*(-2.669350806300522e15)+Qtp1.*1.247814727913242e16+Qrun.*Qtp1.*9.903291491374938e17-Qtp1.*kHtp1.*1.247814727913242e16-Dtp1.^2.*Qrun.*1.844286920825974e21-Qrun.*Qtp1.^2.*8.621303640093096e21+Qtp1.^2.*kHtp1.*2.17256851730346e20-Dtp1.^2.*2.323801520240727e19-Qtp1.^2.*1.08628425865173e20-Qtp1.^2.*kHtp1.^2.*1.08628425865173e20-Dtp1.*Qrun.*2.118532385952796e17+Dtp1.*Qtp1.*1.318664410675803e20-Qrun.*Qtp1.^2.*kHtp1.^2.*8.621303640093096e21+Dtp1.*Qrun.*Qtp1.*1.046559056091907e22-Dtp1.*Qtp1.*kHtp1.*1.318664410675803e20-Qrun.*Qtp1.*kHtp1.*9.903291491374938e17+Qrun.*Qtp1.^2.*kHtp1.*1.724260728018619e22-Dtp1.*Qrun.*Qtp1.*kHtp1.*1.046559056091907e22)./((Dtp1-Qtp1+Qtp1.*kHtp1).*(Dtp1.*7.205759403792794e21-Qtp1.*3.602879701896397e20-kHt.*8.625294006339974e19-Qtp1.*kHt.*6.845471433603154e21+Qtp1.*kHtp1.*7.205759403792794e21+8.708066564611342e19))+(kHt.*(Dtp1.*8.343473873753876e19-Qtp1.*3.900240297024987e20-Qrun.*Qtp1.*3.095428807162688e22+Qtp1.*kHtp1.*3.900240297024987e20+Dtp1.^2.*Qrun.*5.764607523034235e25+Qrun.*Qtp1.^2.*2.694723432717583e26-Qtp1.^2.*kHtp1.*6.79070305044831e24+Dtp1.^2.*7.263405479023136e23+Qtp1.^2.*3.395351525224155e24+Qtp1.^2.*kHtp1.^2.*3.395351525224155e24+Dtp1.*Qrun.*6.621804661709425e21-Dtp1.*Qtp1.*4.121692073126469e24+Qrun.*Qtp1.^2.*kHtp1.^2.*2.694723432717583e26-Dtp1.*Qrun.*Qtp1.*3.271184185021007e26+Dtp1.*Qtp1.*kHtp1.*4.121692073126469e24+Qrun.*Qtp1.*kHtp1.*3.095428807162688e22-Qrun.*Qtp1.^2.*kHtp1.*5.389446865435167e26+Dtp1.*Qrun.*Qtp1.*kHtp1.*3.271184185021007e26).*3.199327817993795e-5)./((Dtp1-Qtp1+Qtp1.*kHtp1).*(Dtp1.*7.205759403792794e21-Qtp1.*3.602879701896397e20-kHt.*8.625294006339974e19-Qtp1.*kHt.*6.845471433603154e21+Qtp1.*kHtp1.*7.205759403792794e21+8.708066564611342e19))-2.239965e-4,((Dtp1-Qtp1+Qtp1.*kHtp1).*(Dtp1.*7.205759403792794e21-Qtp1.*3.602879701896397e20-kHt.*8.625294006339974e19-Qtp1.*kHt.*6.845471433603154e21+Qtp1.*kHtp1.*7.205759403792794e21+8.708066564611342e19).^2.*(-6.514526315789474e1))./(Dtp1.*9.888993433897473e39-Qtp1.*1.426322659351386e40-Qrun.*Qtp1.*4.416373216724762e41-Dtp1.*kHt.*9.806310892701216e39+Qtp1.*kHt.*1.418054405231761e40+Qtp1.*kHtp1.*1.426322659351386e40+Dtp1.^2.*Qrun.*8.224598223919167e44+Qrun.*Qtp1.^2.*3.844670685753254e45-Dtp1.^2.*kHt.*1.036299376213815e43-Qtp1.^2.*kHt.*4.775904795801128e43-Qtp1.^2.*kHtp1.*9.764148319319642e43+Dtp1.^2.*1.108278605948522e43+Qtp1.^2.*4.847884025535835e43+Qtp1.^2.*kHtp1.^2.*4.916264293783807e43+Dtp1.*Qrun.*9.447595979815946e40-Dtp1.*Qtp1.*5.956162631484357e43+Qrun.*Qtp1.^2.*kHtp1.^2.*3.844670685753254e45-Qtp1.^2.*kHt.*kHtp1.^2.*4.8442850640491e43-Dtp1.*Qrun.*Qtp1.*4.66713050814517e45-Dtp1.*Qrun.*kHt.*9.447595979815946e40+Dtp1.*Qtp1.*kHt.*5.812204172014943e43+Dtp1.*Qtp1.*kHtp1.*6.024542899732328e43+Qrun.*Qtp1.*kHt.*4.416373216724762e41+Qrun.*Qtp1.*kHtp1.*4.416373216724762e41-Qtp1.*kHt.*kHtp1.*1.418054405231761e40-Dtp1.^2.*Qrun.*kHt.*8.224598223919167e44-Qrun.*Qtp1.^2.*kHt.*3.844670685753254e45-Qrun.*Qtp1.^2.*kHtp1.*7.689341371506508e45+Qtp1.^2.*kHt.*kHtp1.*9.620189859850228e43+Qrun.*Qtp1.^2.*kHt.*kHtp1.*7.689341371506508e45-Qrun.*Qtp1.^2.*kHt.*kHtp1.^2.*3.844670685753254e45+Dtp1.*Qrun.*Qtp1.*kHt.*4.66713050814517e45+Dtp1.*Qrun.*Qtp1.*kHtp1.*4.66713050814517e45-Dtp1.*Qtp1.*kHt.*kHtp1.*5.880584440262915e43-Qrun.*Qtp1.*kHt.*kHtp1.*4.416373216724762e41-Dtp1.*Qrun.*Qtp1.*kHt.*kHtp1.*4.66713050814517e45),