function Q = qGtMin(  )
%qGtMin = 0.99649684330923571362603752277209;

Q = 0.99647789991947344212519510620041;

end

