function ss = ssGt(  )
%ssGt - Returns SS for case x > 1 in vector ss = [Q,Kh,D,R]

ss = [ 1.0497175081705891752648085457622, 0.2480332394346435043175347345823, 0.75120510916493377084890425976482, 1.010101010101010101010101010101]
end

