function stateV = SvEq2Lt1(in1,kHt,Qrun)
%SVEQ2LT1
%    STATEV = SVEQ2LT1(IN1,KHT,QRUN)

%    This function was generated by the Symbolic Math Toolbox version 6.3.
%    02-Jan-2016 15:48:59

Qtp1 = in1(:,1);
kHtp1 = in1(:,2);
Dtp1 = in1(:,3);
Rtp1 = in1(:,4);
t2 = Qtp1.^2;
t3 = Dtp1.^2;
t4 = kHtp1.^2;
t5 = Qtp1.*kHtp1;
t6 = Dtp1-Qtp1+t5;
t7 = 1.0./t6;
t8 = Dtp1.*7.205759403792794e21;
t9 = Qtp1.*3.602879701896397e20;
t10 = kHt.*8.625294006339974e19;
t11 = Qtp1.*kHtp1.*7.205759403792794e21;
t27 = Qtp1.*kHt.*6.845471433603154e21;
t12 = t8-t9-t10+t11-t27+8.708066564611342e19;
t13 = 1.0./t12;
t14 = Dtp1.*8.343473873753876e19;
t15 = Qtp1.*kHtp1.*3.900240297024987e20;
t16 = Qrun.*t3.*5.764607523034235e25;
t17 = Qrun.*t2.*2.694723432717583e26;
t18 = t3.*7.263405479023136e23;
t19 = t2.*3.395351525224155e24;
t20 = t2.*t4.*3.395351525224155e24;
t21 = Dtp1.*Qrun.*6.621804661709425e21;
t22 = Qrun.*t2.*t4.*2.694723432717583e26;
t23 = Dtp1.*Qtp1.*kHtp1.*4.121692073126469e24;
t24 = Qrun.*Qtp1.*kHtp1.*3.095428807162688e22;
t25 = Dtp1.*Qrun.*Qtp1.*kHtp1.*3.271184185021007e26;
t28 = Qtp1.*3.900240297024987e20;
t29 = Qrun.*Qtp1.*3.095428807162688e22;
t30 = kHtp1.*t2.*6.79070305044831e24;
t31 = Dtp1.*Qtp1.*4.121692073126469e24;
t32 = Dtp1.*Qrun.*Qtp1.*3.271184185021007e26;
t33 = Qrun.*kHtp1.*t2.*5.389446865435167e26;
t26 = t14+t15+t16+t17+t18+t19+t20+t21+t22+t23+t24+t25-t28-t29-t30-t31-t32-t33;
stateV = [t7.*t13.*t26.*(-3.199327817993795e-5),kHt,t7.*t13.*t26.*(-3.199327817993795e-5)+kHt.*t7.*t13.*t26.*3.199327817993795e-5-2.239965e-4,(t6.*t12.^2.*(-6.514526315789474e1))./(Dtp1.*9.888993433897473e39-Qtp1.*1.426322659351386e40+t2.*4.847884025535835e43+t3.*1.108278605948522e43-Qrun.*Qtp1.*4.416373216724762e41-Dtp1.*kHt.*9.806310892701216e39+Qtp1.*kHt.*1.418054405231761e40+Qtp1.*kHtp1.*1.426322659351386e40+Qrun.*t2.*3.844670685753254e45+Qrun.*t3.*8.224598223919167e44-kHt.*t2.*4.775904795801128e43-kHt.*t3.*1.036299376213815e43-kHtp1.*t2.*9.764148319319642e43+t2.*t4.*4.916264293783807e43+Dtp1.*Qrun.*9.447595979815946e40-Dtp1.*Qtp1.*5.956162631484357e43-Dtp1.*Qrun.*Qtp1.*4.66713050814517e45-Dtp1.*Qrun.*kHt.*9.447595979815946e40+Dtp1.*Qtp1.*kHt.*5.812204172014943e43+Dtp1.*Qtp1.*kHtp1.*6.024542899732328e43+Qrun.*Qtp1.*kHt.*4.416373216724762e41+Qrun.*Qtp1.*kHtp1.*4.416373216724762e41-Qtp1.*kHt.*kHtp1.*1.418054405231761e40-Qrun.*kHt.*t2.*3.844670685753254e45-Qrun.*kHt.*t3.*8.224598223919167e44-Qrun.*kHtp1.*t2.*7.689341371506508e45+Qrun.*t2.*t4.*3.844670685753254e45+kHt.*kHtp1.*t2.*9.620189859850228e43-kHt.*t2.*t4.*4.8442850640491e43-Qrun.*kHt.*t2.*t4.*3.844670685753254e45+Dtp1.*Qrun.*Qtp1.*kHt.*4.66713050814517e45+Dtp1.*Qrun.*Qtp1.*kHtp1.*4.66713050814517e45-Dtp1.*Qtp1.*kHt.*kHtp1.*5.880584440262915e43-Qrun.*Qtp1.*kHt.*kHtp1.*4.416373216724762e41+Qrun.*kHt.*kHtp1.*t2.*7.689341371506508e45-Dtp1.*Qrun.*Qtp1.*kHt.*kHtp1.*4.66713050814517e45)];
