function stateV = SvGt2Lt1(in1,kHt,Qrun)
%SVGT2LT1
%    STATEV = SVGT2LT1(IN1,KHT,QRUN)

%    This function was generated by the Symbolic Math Toolbox version 6.3.
%    29-Dec-2015 17:27:13

Dtp1 = in1(:,3);
Qtp1 = in1(:,1);
kHtp1 = in1(:,2);
t2 = Qtp1.^2;
t3 = Dtp1.^2;
t4 = kHtp1.^2;
t5 = Qtp1.*kHtp1;
t6 = Dtp1-Qtp1+t5;
t7 = 1.0./t6;
t8 = Dtp1.*7.205759403792794e21;
t9 = Qtp1.*3.602879701896397e20;
t10 = kHt.*8.625294006339974e19;
t11 = Qtp1.*kHtp1.*7.205759403792794e21;
t12 = t8-t9-t10+t11-Qtp1.*kHt.*6.845471433603154e21+8.708066564611342e19;
t13 = 1.0./t12;
t14 = kHt.^2;
t15 = Qrun.^2;
t16 = t3.^2;
t17 = t2.^2;
t18 = t14.^2;
t19 = t4.^2;
stateV = [t7.*t13.*(Dtp1.*8.343473873753876e19-Qtp1.*3.900240297024987e20+t2.*3.395351525224155e24+t3.*7.263405479023136e23-Qrun.*Qtp1.*3.095428807162688e22+Qtp1.*kHtp1.*3.900240297024987e20+Qrun.*t2.*2.694723432717583e26+Qrun.*t3.*5.764607523034235e25-kHtp1.*t2.*6.79070305044831e24+t2.*t4.*3.395351525224155e24+Dtp1.*Qrun.*6.621804661709425e21-Dtp1.*Qtp1.*4.121692073126469e24-Dtp1.*Qrun.*Qtp1.*3.271184185021007e26+Dtp1.*Qtp1.*kHtp1.*4.121692073126469e24+Qrun.*Qtp1.*kHtp1.*3.095428807162688e22-Qrun.*kHtp1.*t2.*5.389446865435167e26+Qrun.*t2.*t4.*2.694723432717583e26+Dtp1.*Qrun.*Qtp1.*kHtp1.*3.271184185021007e26).*(-3.199327817993795e-5),kHt,(t7.*t13.*(Qrun.*5.0e3-kHt.*6.3e1-Qrun.*kHt.*5.0e3+6.3e1).*(Dtp1.*3.514972745363201e40-Qrun.*1.731091053294127e40-Qtp1.*1.759299547667626e39-kHt.*2.026019189000912e38+t2.*8.307674973655724e38+t3.*1.661534994731145e40-t4.*1.44510046386215e35+Qrun.*Qtp1.*1.578458244994588e40-Dtp1.*t4.*1.258031221260686e39+Qrun.*kHt.*1.731091053294127e40-Qtp1.*kHt.*3.339042790596439e40+Qtp1.*kHtp1.*3.514972745363201e40+Qrun.*t4.*1.195129660197652e39+Qtp1.*t4.*6.290156106303431e37+kHt.*t2.*1.578458244994588e40-kHtp1.*t2.*1.744611744467702e40+t2.*t4.*1.661534994731145e40-Dtp1.*Qrun.*1.578458244994588e40-Dtp1.*Qtp1.*1.744611744467702e40+Dtp1.*Qrun.*kHt.*1.578458244994588e40-Dtp1.*Qtp1.*kHt.*1.578458244994588e40+Dtp1.*Qtp1.*kHtp1.*3.32306998946229e40-Qrun.*Qtp1.*kHt.*1.578458244994588e40-Qrun.*Qtp1.*kHtp1.*1.578458244994588e40-Qrun.*kHt.*t4.*1.195129660197652e39+Qtp1.*kHt.*t4.*1.195129660197652e39-Qtp1.*kHtp1.*t4.*1.258031221260686e39-kHt.*kHtp1.*t2.*1.578458244994588e40+Qrun.*Qtp1.*kHt.*kHtp1.*1.578458244994588e40+2.06639348851205e38).*(Dtp1.*-5.323740903872012e42+Qtp1.*5.324287683016964e42-t2.*2.808121223184323e43-t3.*4.418124922559044e44+Qrun.*Qtp1.*5.520466520905953e40+Dtp1.*kHt.*5.273138702523258e42+Dtp1.*t14.*3.675360005158925e41-Qtp1.*kHt.*5.273685481668211e42-Qtp1.*kHtp1.*5.324287683016964e42-Qrun.*t2.*4.805838357191567e44-Qrun.*t3.*1.028074777989896e44-Qtp1.*t14.*3.675360005158925e41-kHt.*t2.*4.124359058037939e44+kHt.*t3.*1.295374220267269e42+kHtp1.*t2.*4.746536865975417e44-t2.*t4.*4.465724743656985e44+t2.*t14.*1.520645238698855e42+t3.*t14.*3.041290477397709e43-Dtp1.*Qrun.*1.180949497476993e40+Dtp1.*Qtp1.*4.698937044877476e44+Dtp1.*Qrun.*Qtp1.*5.833913135181463e44+Dtp1.*Qrun.*kHt.*1.180949497476993e40+Dtp1.*Qtp1.*kHt.*4.111405315835266e44-Dtp1.*Qtp1.*kHtp1.*8.883849666216029e44-Dtp1.*Qtp1.*t14.*3.193355001267594e43-Qrun.*Qtp1.*kHt.*5.520466520905953e40-Qrun.*Qtp1.*kHtp1.*5.520466520905953e40-Dtp1.*kHt.*t14.*3.640424701445058e41+Qtp1.*kHt.*kHtp1.*5.273685481668211e42+Qrun.*kHt.*t2.*4.805838357191567e44+Qrun.*kHt.*t3.*1.028074777989896e44+Qrun.*kHtp1.*t2.*9.611676714383134e44+Qtp1.*kHt.*t14.*3.640424701445058e41+Qtp1.*kHtp1.*t14.*3.675360005158925e41-Qrun.*t2.*t4.*4.805838357191567e44+kHt.*kHtp1.*t2.*4.063805494737325e44+kHt.*t2.*t4.*6.055356330061375e42+kHt.*t2.*t14.*2.889225953527824e43-kHtp1.*t2.*t14.*3.193355001267594e43+t2.*t4.*t14.*3.041290477397709e43+Qrun.*kHt.*t2.*t4.*4.805838357191567e44-kHt.*kHtp1.*t2.*t14.*2.889225953527824e43-Dtp1.*Qrun.*Qtp1.*kHt.*5.833913135181463e44-Dtp1.*Qrun.*Qtp1.*kHtp1.*5.833913135181463e44+Dtp1.*Qtp1.*kHt.*kHtp1.*7.350730550328644e42-Dtp1.*Qtp1.*kHt.*t14.*2.889225953527824e43+Dtp1.*Qtp1.*kHtp1.*t14.*6.082580954795418e43+Qrun.*Qtp1.*kHt.*kHtp1.*5.520466520905953e40-Qrun.*kHt.*kHtp1.*t2.*9.611676714383134e44-Qtp1.*kHt.*kHtp1.*t14.*3.640424701445058e41+Dtp1.*Qrun.*Qtp1.*kHt.*kHtp1.*5.833913135181463e44).*(-1.999579886246122e-6))./(Dtp1.*1.031807204730452e61+Qrun.*6.396993201576003e57-Qtp1.*6.252826726406275e59-kHt.*1.222097482351049e59+t2.*4.705852876801168e59+t3.*9.411705753602336e60-t4.*8.717511900949502e57-t14.*1.42271883683743e57+t15.*9.647724515417791e60+Qrun.*Qtp1.*8.696505321711697e59+Dtp1.*kHt.*1.32775001128797e59-Dtp1.*t4.*7.126073011340009e59+Dtp1.*t15.*8.797070655422171e60-Qrun.*kHt.*1.504412869604413e58-Qtp1.*kHt.*9.591088853498628e60+Qtp1.*kHtp1.*1.031807204730452e61-Qrun.*t2.*4.6300371870643e59-Qrun.*t3.*9.260074374128601e60-Qrun.*t4.*8.311946174265438e57+Qrun.*t14.*8.647135494468124e57+Qtp1.*t4.*3.563036505670004e58-Qtp1.*t14.*2.344755222940602e59-Qtp1.*t15.*8.797070655422171e60+kHt.*t2.*8.94695431277792e60+kHt.*t3.*1.166769371140204e59+kHt.*t4.*8.634639916369735e57-kHt.*t15.*1.929544903083558e61-kHtp1.*t2.*9.882291041282453e60+t2.*t4.*9.411705753602336e60+t2.*t14.*1.108430902583194e59-t4.*t15.*6.660702046752896e59+t14.*t15.*9.647724515417791e60-Dtp1.*Qrun.*1.947881896820769e61-Dtp1.*Qtp1.*9.882291041282453e60+Dtp1.*Qrun.*Qtp1.*9.723078092835031e60+Dtp1.*Qrun.*kHt.*1.936797587794937e61-Dtp1.*Qtp1.*kHt.*9.063631249891941e60+Dtp1.*Qtp1.*kHtp1.*1.882341150720467e61+Dtp1.*Qrun.*t4.*7.01126531237147e59+Dtp1.*Qrun.*t14.*1.108430902583194e59-Dtp1.*Qtp1.*t14.*1.108430902583194e59+Qrun.*Qtp1.*kHt.*1.785036099412367e61-Qrun.*Qtp1.*kHtp1.*1.947881896820769e61-Qrun.*Qtp1.*t4.*3.505632656185735e58-Qrun.*Qtp1.*t14.*1.872001152629484e61-Dtp1.*kHt.*t4.*8.834194293588052e57-Dtp1.*kHt.*t15.*1.759414131084434e61+Qtp1.*kHt.*kHtp1.*1.32775001128797e59+Dtp1.*t14.*t15.*8.797070655422171e60-Qrun.*kHt.*t2.*8.334066936715741e60+Qrun.*kHt.*t3.*9.260074374128601e60+Qrun.*kHt.*t4.*1.670443075317409e58+Qrun.*kHtp1.*t2.*9.723078092835031e60+Qtp1.*kHt.*t4.*6.774186457919802e59+Qtp1.*kHt.*t15.*1.759414131084434e61-Qtp1.*kHtp1.*t4.*7.126073011340009e59+Qtp1.*kHtp1.*t15.*8.797070655422171e60-Qrun.*t2.*t4.*9.260074374128601e60+Qrun.*t2.*t14.*8.797070655422171e60-Qrun.*t4.*t14.*8.392484578908649e57+Qtp1.*t4.*t14.*8.392484578908649e57-Qtp1.*t14.*t15.*8.797070655422171e60-kHt.*kHtp1.*t2.*9.063631249891941e60+kHt.*t2.*t4.*1.166769371140204e59+kHt.*t4.*t15.*1.332140409350579e60-kHtp1.*t2.*t14.*1.108430902583194e59-t4.*t14.*t15.*6.660702046752896e59+Qrun.*kHt.*t2.*t4.*9.260074374128601e60-Qrun.*kHtp1.*t2.*t14.*8.797070655422171e60+Qtp1.*kHtp1.*t14.*t15.*8.797070655422171e60-Dtp1.*Qrun.*Qtp1.*kHt.*9.260074374128601e59-Dtp1.*Qrun.*Qtp1.*kHtp1.*1.85201487482572e61-Dtp1.*Qrun.*Qtp1.*t14.*8.797070655422171e60+Dtp1.*Qtp1.*kHt.*kHtp1.*2.333538742280407e59-Dtp1.*Qrun.*kHt.*t4.*7.01126531237147e59+Qrun.*Qtp1.*kHt.*kHtp1.*1.936797587794937e61-Qrun.*Qtp1.*kHt.*t4.*6.310138781134323e59+Qrun.*Qtp1.*kHtp1.*t4.*7.01126531237147e59+Qrun.*Qtp1.*kHtp1.*t14.*1.108430902583194e59+Qrun.*Qtp1.*t4.*t14.*6.660702046752896e59-Qrun.*kHt.*kHtp1.*t2.*9.260074374128601e59-Qtp1.*kHt.*kHtp1.*t4.*8.834194293588052e57-Qtp1.*kHt.*kHtp1.*t15.*1.759414131084434e61+Dtp1.*Qrun.*Qtp1.*kHt.*kHtp1.*1.85201487482572e61-Qrun.*Qtp1.*kHt.*kHtp1.*t4.*7.01126531237147e59+1.248328301442724e59),