function stateV = SvGt2Gt1(Dtp1,Qrun,Qtp1,kHt,kHtp1)
%SVGT2GT1
%    STATEV = SVGT2GT1(DTP1,QRUN,QTP1,KHT,KHTP1)

%    This function was generated by the Symbolic Math Toolbox version 6.3.
%    27-Dec-2015 08:48:33

t2 = Qtp1.^2;
t3 = Qtp1.*kHtp1;
t4 = Dtp1-Qtp1+t3;
t5 = 1.0./t4;
t6 = kHtp1.^2;
t7 = kHt.^2;
t8 = Dtp1.^2;
t9 = Dtp1.*4.646317459986782e24;
t10 = Qtp1.*kHtp1.*4.646799243158299e24;
t11 = Qtp1.*t7.*3.207685176951162e23;
t12 = t8.*1.141392289560779e24;
t13 = t2.*5.335552396780815e24;
t14 = t2.*t6.*5.335552396780815e24;
t15 = Dtp1.*Qtp1.*kHtp1.*6.476944686341594e24;
t16 = Qtp1.*-4.646799243158299e24+t9+t10+t11+t12+t13+t14+t15-Dtp1.*t7.*3.207685176951162e23-kHtp1.*t2.*1.067110479356163e25-Dtp1.*Qtp1.*6.476944686341594e24-Qtp1.*kHtp1.*t7.*3.207685176951162e23;
stateV = [(t5.*(Dtp1.*1.324360932341885e18-Qtp1.*6.190857614325376e18+t2.*5.389446865435167e22+t8.*1.152921504606847e22+Qtp1.*kHtp1.*6.190857614325376e18-kHtp1.*t2.*1.077889373087033e23+t2.*t6.*5.389446865435167e22-Dtp1.*Qtp1.*6.542368370042014e22+Dtp1.*Qtp1.*kHtp1.*6.542368370042014e22).*2.336820662408206e-23)./(kHt-1.0),kHt,(t5.*t16.*(Dtp1.*7.205759403792794e21-Qtp1.*3.602879701896397e20-kHt.*8.625294006339974e19-Qtp1.*kHt.*6.845471433603154e21+Qtp1.*kHtp1.*7.205759403792794e21+8.708066564611342e19).*(-1.168410331204103e-23))./(Dtp1.*1.441151880758559e22+Qtp1.*3.244393171557705e23-kHt.*4.269520533138287e21+t6.*2.591524347976314e22-Qtp1.*kHt.*3.388508359633561e23+Qtp1.*kHtp1.*1.441151880758559e22-3.7106004320086e23),(Dtp1.*4.639225041134307e24-Qtp1.*4.639225041134307e24+t2.*4.056343527300268e24-t8.*1.801818335280519e23+Dtp1.*kHt.*5.338021954643683e22-Dtp1.*t6.*3.240086037324406e23-Qtp1.*kHt.*5.338021954643683e22+Qtp1.*kHtp1.*4.639225041134307e24+Qtp1.*t6.*3.240086037324406e23-kHt.*t2.*4.23652536082832e24-kHtp1.*t2.*3.876161693772216e24-t2.*t6.*1.801818335280519e23-Dtp1.*Qtp1.*3.876161693772216e24+Dtp1.*Qtp1.*kHt.*4.23652536082832e24-Dtp1.*Qtp1.*kHtp1.*3.603636670561038e23+Qtp1.*kHt.*kHtp1.*5.338021954643683e22-Qtp1.*kHtp1.*t6.*3.240086037324406e23+kHt.*kHtp1.*t2.*4.23652536082832e24)./t16];
