function val = Wb( )
%Wb - parameter
%   val = 0.0011487/10;

val = 0.0011487/10;

